   protein, ligand, angle, lig coordinates(6(f6.3)),protein no(i5),amino sequence(14(i1)),total,deformation,chemical(3(f6.3)),protein coordinates(28(f6.3))
els=  2.00 elm=  1.50 elw=  1.00 ks= 10.00 kw= 10.00 kww= 10.00
     1   6   1 -1.000 -0.866  0.000 -0.866  1.000 -0.866  1111111111111111 -0.1799049272E+01   0.9722997968E+00  -0.2771349068E+01 -1.856 -0.621 -0.913 -0.866  0.913 -0.866  1.856 -0.621 -2.063  0.334 -1.081  0.050  0.000 -0.219  1.081  0.050  2.063  0.334 -1.379  1.031 -0.452  0.730  0.452  0.730  1.379  1.031
     1   6   2 -1.000 -0.875  0.000 -0.866  1.000 -0.875  1111111111111111 -0.1800974734E+01   0.9737297009E+00  -0.2774704435E+01 -1.857 -0.629 -0.913 -0.874  0.913 -0.874  1.857 -0.629 -2.063  0.326 -1.081  0.042  0.000 -0.228  1.081  0.042  2.063  0.326 -1.379  1.023 -0.452  0.721  0.452  0.721  1.379  1.023
     1   6   3 -1.000 -0.883  0.000 -0.866  1.000 -0.883  1111111111111111 -0.1803481439E+01   0.9750666035E+00  -0.2778548043E+01 -1.857 -0.637 -0.913 -0.882  0.913 -0.882  1.857 -0.637 -2.063  0.318 -1.081  0.033  0.000 -0.237  1.081  0.033  2.063  0.318 -1.379  1.015 -0.452  0.713  0.452  0.713  1.379  1.015
     1   6   4 -1.000 -0.892  0.000 -0.866  1.000 -0.892  1111111111111111 -0.1806591867E+01   0.9764763011E+00  -0.2783068168E+01 -1.857 -0.645 -0.913 -0.890  0.913 -0.890  1.857 -0.645 -2.063  0.310 -1.081  0.025  0.000 -0.246  1.081  0.025  2.063  0.310 -1.378  1.007 -0.452  0.704  0.452  0.704  1.378  1.007
     1   6   5 -0.999 -0.901  0.000 -0.866  0.999 -0.901  1111111111111111 -0.1810330979E+01   0.9779111528E+00  -0.2788242132E+01 -1.857 -0.653 -0.914 -0.898  0.914 -0.898  1.857 -0.653 -2.063  0.302 -1.081  0.017  0.000 -0.256  1.081  0.017  2.063  0.302 -1.378  0.998 -0.451  0.695  0.452  0.694  1.378  0.998
     1   6   6 -0.999 -0.910  0.000 -0.866  0.999 -0.910  1111111111111111 -0.1814726623E+01   0.9793119591E+00  -0.2794038582E+01 -1.858 -0.661 -0.914 -0.906  0.914 -0.906  1.858 -0.661 -2.062  0.294 -1.081  0.008  0.000 -0.265  1.081  0.008  2.063  0.294 -1.377  0.990 -0.451  0.685  0.451  0.685  1.378  0.990
     1   6   7 -0.999 -0.918  0.000 -0.866  0.999 -0.918  1111111111111111 -0.1819810059E+01   0.9810198281E+00  -0.2800829887E+01 -1.858 -0.669 -0.914 -0.914  0.914 -0.914  1.858 -0.669 -2.062  0.286 -1.081 -0.000  0.000 -0.275  1.081 -0.000  2.063  0.286 -1.377  0.982 -0.451  0.676  0.451  0.676  1.377  0.982
     1   6   8 -0.998 -0.927  0.000 -0.866  0.998 -0.927  1111111111111111 -0.1825616497E+01   0.9829082868E+00  -0.2808524784E+01 -1.858 -0.678 -0.914 -0.922  0.914 -0.922  1.858 -0.678 -2.062  0.278 -1.081 -0.009  0.000 -0.285  1.081 -0.009  2.062  0.278 -1.376  0.973 -0.451  0.667  0.451  0.666  1.377  0.973
     1   6   9 -0.998 -0.936  0.000 -0.866  0.998 -0.936  1111111111111111 -0.1832185963E+01   0.9850691959E+00  -0.2817255159E+01 -1.859 -0.686 -0.914 -0.930  0.914 -0.930  1.859 -0.686 -2.062  0.270 -1.081 -0.017  0.000 -0.295  1.081 -0.017  2.062  0.270 -1.376  0.965 -0.451  0.657  0.451  0.657  1.376  0.965
     1   6  10 -0.997 -0.944  0.000 -0.866  0.997 -0.944  1111111111111111 -0.1839564211E+01   0.9876982207E+00  -0.2827262432E+01 -1.859 -0.694 -0.915 -0.938  0.915 -0.938  1.859 -0.694 -2.062  0.262 -1.081 -0.026  0.000 -0.306  1.082 -0.026  2.062  0.261 -1.375  0.956 -0.450  0.647  0.450  0.647  1.375  0.956
     1   6  11 -0.996 -0.953  0.000 -0.866  0.996 -0.953  1111111111111111 -0.1847803998E+01   0.9908134797E+00  -0.2838617478E+01 -1.859 -0.703 -0.915 -0.946  0.915 -0.946  1.859 -0.703 -2.062  0.253 -1.082 -0.035  0.000 -0.317  1.082 -0.035  2.062  0.253 -1.374  0.948 -0.450  0.637  0.450  0.637  1.375  0.948
     1   6  12 -0.995 -0.962  0.000 -0.866  0.995 -0.962  1111111111111111 -0.1856966792E+01   0.9947132775E+00  -0.2851680070E+01 -1.860 -0.711 -0.915 -0.954  0.915 -0.954  1.860 -0.711 -2.062  0.245 -1.082 -0.044  0.000 -0.328  1.082 -0.044  2.062  0.245 -1.374  0.939 -0.450  0.626  0.450  0.626  1.374  0.939
     1   6  13 -0.995 -0.971  0.000 -0.866  0.995 -0.971  1111111111111111 -0.1867124961E+01   0.9995772624E+00  -0.2866702224E+01 -1.861 -0.719 -0.916 -0.962  0.916 -0.962  1.861 -0.720 -2.061  0.237 -1.082 -0.053  0.000 -0.340  1.082 -0.053  2.062  0.237 -1.373  0.930 -0.449  0.615  0.449  0.615  1.373  0.930
     1   6  14 -0.994 -0.979  0.000 -0.866  0.994 -0.979  1111111111111111 -0.1878364917E+01   0.1005702322E+01  -0.2884067239E+01 -1.861 -0.728 -0.916 -0.970  0.916 -0.970  1.861 -0.728 -2.061  0.229 -1.082 -0.062  0.000 -0.352  1.082 -0.062  2.061  0.229 -1.371  0.921 -0.449  0.604  0.449  0.604  1.372  0.921
     1   6  15 -0.993 -0.988  0.000 -0.866  0.993 -0.988  1111111111111111 -0.1890791485E+01   0.1013575822E+01  -0.2904367307E+01 -1.862 -0.737 -0.917 -0.979  0.917 -0.979  1.862 -0.737 -2.061  0.220 -1.082 -0.072  0.000 -0.365  1.082 -0.072  2.061  0.220 -1.370  0.912 -0.448  0.592  0.448  0.592  1.370  0.912
     1   6  16 -0.991 -0.997  0.000 -0.866  0.991 -0.997  1111111111111111 -0.1904534322E+01   0.1023811841E+01  -0.2928346164E+01 -1.863 -0.745 -0.918 -0.987  0.918 -0.987  1.863 -0.745 -2.061  0.212 -1.082 -0.082  0.000 -0.379  1.083 -0.082  2.061  0.212 -1.368  0.902 -0.447  0.579  0.448  0.579  1.368  0.902
     1   6  17 -0.990 -1.005  0.000 -0.866  0.990 -1.005  1111111111111111 -0.1919757564E+01   0.1037441948E+01  -0.2957199512E+01 -1.865 -0.754 -0.919 -0.995  0.919 -0.995  1.865 -0.754 -2.060  0.204 -1.083 -0.092  0.000 -0.394  1.083 -0.092  2.060  0.204 -1.366  0.893 -0.447  0.565  0.447  0.565  1.366  0.893
     1   6  18 -0.989 -1.014  0.000 -0.866  0.989 -1.014  1111111111111111 -0.1936675134E+01   0.1055824941E+01  -0.2992500076E+01 -1.866 -0.763 -0.920 -1.004  0.920 -1.004  1.866 -0.763 -2.060  0.196 -1.083 -0.103  0.000 -0.411  1.083 -0.103  2.060  0.195 -1.364  0.883 -0.446  0.550  0.446  0.550  1.364  0.883
     1   6  19 -0.988 -1.022  0.000 -0.866  0.988 -1.022  1111111111111111 -0.1955575015E+01   0.1081513707E+01  -0.3037088722E+01 -1.868 -0.772 -0.922 -1.012  0.922 -1.012  1.868 -0.772 -2.059  0.187 -1.084 -0.114  0.000 -0.431  1.084 -0.114  2.059  0.187 -1.360  0.872 -0.444  0.534  0.445  0.534  1.360  0.872
     1   6  20 -0.986 -1.031  0.000 -0.866  0.986 -1.031  1111111111111111 -0.1976858563E+01   0.1118480653E+01  -0.3095339216E+01 -1.871 -0.782 -0.924 -1.021  0.924 -1.021  1.871 -0.782 -2.058  0.179 -1.084 -0.127  0.000 -0.453  1.084 -0.127  2.058  0.179 -1.356  0.861 -0.443  0.514  0.443  0.514  1.356  0.861
     1   6  21 -0.985 -1.040  0.000 -0.866  0.985 -1.040  1111111111111111 -0.2001089912E+01   0.1173527290E+01  -0.3174617202E+01 -1.875 -0.791 -0.927 -1.030  0.927 -1.030  1.875 -0.791 -2.056  0.171 -1.085 -0.140  0.000 -0.480  1.085 -0.140  2.056  0.171 -1.350  0.848 -0.441  0.491  0.441  0.491  1.350  0.848
     1   6  22 -0.983 -1.048  0.000 -0.866  0.983 -1.048  1111111111111111 -0.2028961318E+01   0.1252510325E+01  -0.3281471643E+01 -1.880 -0.801 -0.931 -1.039  0.931 -1.039  1.880 -0.802 -2.054  0.162 -1.086 -0.156  0.000 -0.512  1.086 -0.156  2.054  0.162 -1.342  0.835 -0.438  0.463  0.438  0.463  1.342  0.835
     1   6  23 -0.982 -1.057  0.000 -0.866  0.982 -1.057  1111111111111111 -0.2060819889E+01   0.1340631117E+01  -0.3401451006E+01 -1.884 -0.811 -0.935 -1.048  0.935 -1.048  1.884 -0.812 -2.052  0.154 -1.086 -0.171  0.000 -0.544  1.086 -0.171  2.052  0.154 -1.334  0.821 -0.435  0.436  0.435  0.436  1.334  0.821
     1   6  24 -0.980 -1.065  0.000 -0.866  0.980 -1.065  1111111111111111 -0.2096050247E+01   0.1410463084E+01  -0.3506513331E+01 -1.887 -0.821 -0.938 -1.057  0.938 -1.057  1.887 -0.821 -2.050  0.146 -1.087 -0.185  0.000 -0.570  1.087 -0.185  2.050  0.145 -1.328  0.809 -0.433  0.413  0.433  0.413  1.328  0.808
     1   6  25 -0.978 -1.074  0.000 -0.866  0.978 -1.074  1111111111111111 -0.2133628756E+01   0.1458305942E+01  -0.3591934698E+01 -1.889 -0.831 -0.939 -1.066  0.939 -1.066  1.889 -0.831 -2.049  0.137 -1.087 -0.197  0.000 -0.590  1.087 -0.197  2.049  0.137 -1.324  0.797 -0.432  0.395  0.432  0.395  1.324  0.797
     1   6  26 -0.976 -1.082  0.000 -0.866  0.976 -1.082  1111111111111111 -0.2172779702E+01   0.1488187306E+01  -0.3660967008E+01 -1.890 -0.840 -0.940 -1.074  0.940 -1.074  1.890 -0.840 -2.048  0.128 -1.087 -0.208  0.000 -0.606  1.087 -0.208  2.048  0.128 -1.322  0.787 -0.431  0.381  0.431  0.381  1.322  0.787
     1   6  27 -0.974 -1.091  0.000 -0.866  0.974 -1.091  1111111111111111 -0.2213001981E+01   0.1506082764E+01  -0.3719084746E+01 -1.891 -0.850 -0.940 -1.083  0.940 -1.083  1.891 -0.850 -2.048  0.119 -1.087 -0.218  0.000 -0.619  1.087 -0.218  2.048  0.119 -1.320  0.777 -0.430  0.369  0.431  0.369  1.321  0.777
     1   6  28 -0.972 -1.099  0.000 -0.866  0.972 -1.099  1111111111111111 -0.2253965083E+01   0.1515353688E+01  -0.3769318770E+01 -1.891 -0.859 -0.939 -1.092  0.939 -1.092  1.891 -0.859 -2.048  0.110 -1.087 -0.227  0.000 -0.630  1.087 -0.227  2.048  0.109 -1.320  0.768 -0.430  0.358  0.430  0.358  1.320  0.767
     1   6  29 -0.970 -1.108  0.000 -0.866  0.970 -1.108  1111111111111111 -0.2295439392E+01   0.1517736120E+01  -0.3813175512E+01 -1.890 -0.868 -0.939 -1.100  0.939 -1.100  1.890 -0.868 -2.048  0.100 -1.087 -0.236  0.000 -0.640  1.087 -0.236  2.048  0.100 -1.320  0.758 -0.430  0.349  0.430  0.349  1.320  0.758
     1   6  30 -0.968 -1.116  0.000 -0.866  0.968 -1.116  1111111111111111 -0.2337257439E+01   0.1515440999E+01  -0.3852698438E+01 -1.890 -0.878 -0.938 -1.109  0.938 -1.109  1.890 -0.878 -2.048  0.091 -1.087 -0.245  0.000 -0.648  1.087 -0.245  2.048  0.091 -1.320  0.750 -0.430  0.340  0.430  0.340  1.320  0.749
     1   6  31 -0.966 -1.125  0.000 -0.866  0.966 -1.125  1111111111111111 -0.2379292288E+01   0.1509000688E+01  -0.3888292976E+01 -1.889 -0.887 -0.937 -1.117  0.937 -1.117  1.889 -0.887 -2.048  0.082 -1.087 -0.254  0.000 -0.656  1.087 -0.254  2.048  0.082 -1.321  0.741 -0.430  0.332  0.430  0.332  1.321  0.741
     1   6  32 -0.964 -1.133  0.000 -0.866  0.964 -1.133  1111111111111111 -0.2421444568E+01   0.1499369477E+01  -0.3920814045E+01 -1.888 -0.896 -0.935 -1.125  0.935 -1.125  1.888 -0.896 -2.048  0.072 -1.087 -0.262  0.000 -0.663  1.087 -0.262  2.048  0.072 -1.321  0.732 -0.431  0.325  0.431  0.325  1.322  0.732
     1   6  33 -0.961 -1.142  0.000 -0.866  0.961 -1.142  1111111111111111 -0.2463634501E+01   0.1487232162E+01  -0.3950866664E+01 -1.887 -0.905 -0.934 -1.134  0.934 -1.134  1.887 -0.906 -2.048  0.063 -1.087 -0.270  0.000 -0.670  1.087 -0.270  2.049  0.063 -1.323  0.724 -0.431  0.318  0.431  0.318  1.323  0.724
     1   6  34 -0.959 -1.150  0.000 -0.866  0.959 -1.150  1111111111111111 -0.2505796612E+01   0.1472881000E+01  -0.3978677611E+01 -1.885 -0.915 -0.932 -1.142  0.932 -1.142  1.885 -0.915 -2.049  0.053 -1.087 -0.278  0.000 -0.676  1.087 -0.278  2.049  0.053 -1.324  0.715 -0.431  0.311  0.431  0.311  1.324  0.715
     1   6  35 -0.956 -1.158  0.000 -0.866  0.956 -1.158  1111111111111111 -0.2547876287E+01   0.1456659807E+01  -0.4004536094E+01 -1.884 -0.924 -0.931 -1.151  0.931 -1.151  1.884 -0.924 -2.049  0.044 -1.087 -0.286  0.000 -0.682  1.087 -0.286  2.049  0.044 -1.325  0.707 -0.432  0.305  0.432  0.305  1.325  0.707
     1   6  36 -0.954 -1.167  0.000 -0.866  0.954 -1.167  1111111111111111 -0.2589827320E+01   0.1438845555E+01  -0.4028672875E+01 -1.882 -0.933 -0.929 -1.159  0.929 -1.159  1.882 -0.934 -2.050  0.034 -1.086 -0.294  0.000 -0.687  1.087 -0.294  2.050  0.034 -1.327  0.699 -0.432  0.299  0.432  0.299  1.327  0.699
     1   6  37 -0.951 -1.175  0.000 -0.866  0.951 -1.175  1111111111111111 -0.2631609964E+01   0.1419762722E+01  -0.4051372685E+01 -1.881 -0.943 -0.927 -1.167  0.927 -1.167  1.881 -0.943 -2.050  0.024 -1.086 -0.301  0.000 -0.692  1.086 -0.302  2.050  0.024 -1.329  0.690 -0.432  0.293  0.433  0.293  1.329  0.690
     1   6  38 -0.948 -1.183  0.000 -0.866  0.948 -1.183  1111111111111111 -0.2673189837E+01   0.1399528810E+01  -0.4072718647E+01 -1.879 -0.952 -0.925 -1.175  0.925 -1.175  1.879 -0.952 -2.050  0.015 -1.086 -0.309  0.000 -0.697  1.086 -0.309  2.051  0.014 -1.330  0.682 -0.433  0.288  0.433  0.288  1.330  0.682
     1   6  39 -0.946 -1.192  0.000 -0.866  0.946 -1.192  1111111111111111 -0.2714536851E+01   0.1378420175E+01  -0.4092957026E+01 -1.877 -0.962 -0.923 -1.184  0.923 -1.184  1.877 -0.962 -2.051  0.005 -1.086 -0.317  0.000 -0.702  1.086 -0.317  2.051  0.005 -1.332  0.674 -0.434  0.283  0.434  0.282  1.332  0.674
     1   6  40 -0.943 -1.200  0.000 -0.866  0.943 -1.200  1111111111111111 -0.2755624444E+01   0.1356411621E+01  -0.4112036064E+01 -1.875 -0.971 -0.920 -1.192  0.920 -1.192  1.875 -0.971 -2.051 -0.005 -1.086 -0.324  0.000 -0.707  1.086 -0.324  2.052 -0.005 -1.334  0.666 -0.434  0.277  0.434  0.277  1.334  0.666
     1   6  41 -0.940 -1.208  0.000 -0.866  0.940 -1.208  1111111111111111 -0.2796429003E+01   0.1333728641E+01  -0.4130157644E+01 -1.873 -0.981 -0.918 -1.200  0.918 -1.200  1.873 -0.981 -2.052 -0.015 -1.085 -0.332  0.000 -0.711  1.086 -0.332  2.052 -0.015 -1.336  0.658 -0.435  0.272  0.435  0.272  1.336  0.658
     1   6  42 -0.937 -1.216  0.000 -0.866  0.937 -1.216  1111111111111111 -0.2836929422E+01   0.1310373925E+01  -0.4147303347E+01 -1.871 -0.990 -0.916 -1.208  0.916 -1.208  1.871 -0.990 -2.052 -0.025 -1.085 -0.339  0.000 -0.715  1.085 -0.339  2.053 -0.025 -1.338  0.650 -0.435  0.267  0.435  0.267  1.338  0.649
     1   6  43 -0.934 -1.224  0.000 -0.866  0.934 -1.224  1111111111111111 -0.2877106740E+01   0.1286619241E+01  -0.4163725981E+01 -1.869 -0.999 -0.913 -1.217  0.913 -1.217  1.869 -1.000 -2.053 -0.035 -1.085 -0.347  0.000 -0.719  1.085 -0.347  2.053 -0.035 -1.340  0.641 -0.436  0.263  0.436  0.263  1.340  0.641
     1   6  44 -0.930 -1.233  0.000 -0.866  0.930 -1.233  1111111111111111 -0.2916943776E+01   0.1262345467E+01  -0.4179289244E+01 -1.867 -1.009 -0.910 -1.225  0.910 -1.225  1.867 -1.009 -2.053 -0.044 -1.085 -0.354  0.000 -0.723  1.085 -0.354  2.054 -0.045 -1.342  0.633 -0.436  0.258  0.437  0.258  1.343  0.633
     1   6  45 -0.927 -1.241  0.000 -0.866  0.927 -1.241  1111111111111111 -0.2956424932E+01   0.1237715776E+01  -0.4194140708E+01 -1.865 -1.018 -0.908 -1.233  0.908 -1.233  1.865 -1.019 -2.054 -0.054 -1.084 -0.361  0.000 -0.727  1.084 -0.361  2.054 -0.055 -1.345  0.625 -0.437  0.253  0.437  0.253  1.345  0.625
     1   6  46 -0.924 -1.249  0.000 -0.866  0.924 -1.249  1111111111111111 -0.2995536000E+01   0.1212824371E+01  -0.4208360371E+01 -1.862 -1.028 -0.905 -1.241  0.905 -1.241  1.862 -1.028 -2.054 -0.064 -1.084 -0.369  0.000 -0.730  1.084 -0.369  2.054 -0.065 -1.347  0.617 -0.438  0.249  0.438  0.249  1.347  0.617
     1   6  47 -0.921 -1.257  0.000 -0.866  0.921 -1.257  1111111111111111 -0.3034263986E+01   0.1187596113E+01  -0.4221860099E+01 -1.860 -1.038 -0.902 -1.249  0.902 -1.249  1.860 -1.038 -2.055 -0.075 -1.084 -0.376  0.000 -0.734  1.084 -0.376  2.055 -0.075 -1.349  0.609 -0.438  0.244  0.439  0.244  1.349  0.609
     1   6  48 -0.917 -1.265  0.000 -0.866  0.917 -1.265  1111111111111111 -0.3072596921E+01   0.1162220530E+01  -0.4234817451E+01 -1.857 -1.047 -0.899 -1.257  0.899 -1.257  1.857 -1.047 -2.055 -0.085 -1.083 -0.383  0.000 -0.737  1.083 -0.383  2.055 -0.085 -1.351  0.601 -0.439  0.240  0.439  0.240  1.352  0.601
     1   6  49 -0.914 -1.273  0.000 -0.866  0.914 -1.273  1111111111111111 -0.3110523813E+01   0.1136655215E+01  -0.4247179028E+01 -1.855 -1.057 -0.896 -1.265  0.896 -1.265  1.855 -1.057 -2.056 -0.095 -1.083 -0.390  0.000 -0.741  1.083 -0.390  2.056 -0.095 -1.354  0.593 -0.440  0.236  0.440  0.236  1.354  0.593
     1   6  50 -0.910 -1.281  0.000 -0.866  0.910 -1.281  1111111111111111 -0.3148034457E+01   0.1110956125E+01  -0.4258990582E+01 -1.852 -1.066 -0.893 -1.273  0.893 -1.273  1.852 -1.066 -2.056 -0.105 -1.083 -0.397  0.000 -0.744  1.083 -0.397  2.056 -0.105 -1.356  0.585 -0.441  0.232  0.441  0.232  1.356  0.585
     1   6  51 -0.906 -1.289  0.000 -0.866  0.906 -1.289  1111111111111111 -0.3185119500E+01   0.1085271728E+01  -0.4270391228E+01 -1.849 -1.076 -0.890 -1.281  0.890 -1.281  1.850 -1.076 -2.057 -0.115 -1.082 -0.405  0.000 -0.747  1.082 -0.405  2.057 -0.115 -1.358  0.577 -0.441  0.227  0.441  0.227  1.359  0.577
     1   6  52 -0.903 -1.297  0.000 -0.866  0.903 -1.297  1111111111111111 -0.3221770126E+01   0.1059479368E+01  -0.4281249495E+01 -1.847 -1.085 -0.887 -1.289  0.887 -1.289  1.847 -1.086 -2.057 -0.125 -1.082 -0.412  0.000 -0.750  1.082 -0.412  2.057 -0.125 -1.361  0.569 -0.442  0.223  0.442  0.223  1.361  0.569
     1   6  53 -0.899 -1.304  0.000 -0.866  0.899 -1.304  1111111111111111 -0.3257978244E+01   0.1033717050E+01  -0.4291695295E+01 -1.844 -1.095 -0.883 -1.297  0.883 -1.297  1.844 -1.095 -2.057 -0.135 -1.081 -0.419  0.000 -0.753  1.082 -0.419  2.058 -0.136 -1.363  0.561 -0.443  0.219  0.443  0.219  1.363  0.561
     1   6  54 -0.895 -1.312  0.000 -0.866  0.895 -1.312  1111111111111111 -0.3293736269E+01   0.1007920625E+01  -0.4301656894E+01 -1.841 -1.105 -0.880 -1.305  0.880 -1.305  1.841 -1.105 -2.058 -0.146 -1.081 -0.426  0.000 -0.756  1.081 -0.426  2.058 -0.146 -1.365  0.553 -0.443  0.215  0.444  0.215  1.366  0.552
     1   6  55 -0.891 -1.320  0.000 -0.866  0.891 -1.320  1111111111111111 -0.3329037124E+01   0.9822148478E+00  -0.4311251972E+01 -1.838 -1.114 -0.876 -1.313  0.876 -1.313  1.838 -1.114 -2.058 -0.156 -1.080 -0.433  0.000 -0.759  1.081 -0.433  2.058 -0.156 -1.368  0.544 -0.444  0.211  0.444  0.211  1.368  0.544
     1   6  56 -0.887 -1.328  0.000 -0.866  0.887 -1.328  1111111111111111 -0.3363874186E+01   0.9565313948E+00  -0.4320405581E+01 -1.835 -1.124 -0.873 -1.320  0.873 -1.320  1.835 -1.124 -2.058 -0.166 -1.080 -0.440  0.000 -0.762  1.080 -0.440  2.059 -0.166 -1.370  0.536 -0.445  0.208  0.445  0.208  1.371  0.536
     1   6  57 -0.883 -1.335  0.000 -0.866  0.883 -1.335  1111111111111111 -0.3398241245E+01   0.9309926853E+00  -0.4329233930E+01 -1.832 -1.134 -0.869 -1.328  0.869 -1.328  1.832 -1.134 -2.059 -0.177 -1.079 -0.447  0.000 -0.764  1.080 -0.447  2.059 -0.177 -1.373  0.528 -0.446  0.204  0.446  0.204  1.373  0.528
     1   6  58 -0.879 -1.343  0.000 -0.866  0.879 -1.343  1111111111111111 -0.3432132492E+01   0.9055330695E+00  -0.4337665561E+01 -1.829 -1.143 -0.865 -1.336  0.865 -1.336  1.829 -1.143 -2.059 -0.187 -1.079 -0.454  0.000 -0.767  1.079 -0.454  2.059 -0.187 -1.375  0.520 -0.446  0.200  0.447  0.200  1.375  0.520
     1   6  59 -0.875 -1.351  0.000 -0.866  0.875 -1.351  1111111111111111 -0.3465542563E+01   0.8802545796E+00  -0.4345797143E+01 -1.825 -1.153 -0.862 -1.344  0.862 -1.344  1.825 -1.153 -2.059 -0.197 -1.078 -0.461  0.000 -0.770  1.079 -0.461  2.059 -0.198 -1.378  0.512 -0.447  0.196  0.448  0.196  1.378  0.512
     1   6  60 -0.870 -1.358  0.000 -0.866  0.870 -1.358  1111111111111111 -0.3498466209E+01   0.8550978664E+00  -0.4353564075E+01 -1.822 -1.162 -0.858 -1.351  0.858 -1.351  1.822 -1.163 -2.059 -0.208 -1.078 -0.468  0.000 -0.772  1.078 -0.468  2.060 -0.208 -1.380  0.504 -0.448  0.192  0.448  0.192  1.380  0.504
     1   6  61 -0.866 -1.366  0.000 -0.866  0.866 -1.366  1111111111111111 -0.3530898691E+01   0.8300942838E+00  -0.4360992974E+01 -1.819 -1.172 -0.854 -1.359  0.854 -1.359  1.819 -1.172 -2.060 -0.218 -1.077 -0.475  0.000 -0.775  1.077 -0.475  2.060 -0.218 -1.382  0.496 -0.449  0.189  0.449  0.189  1.383  0.496
     1   6  62 -0.862 -1.374  0.000 -0.866  0.862 -1.374  1111111111111111 -0.3562835472E+01   0.8053094248E+00  -0.4368144897E+01 -1.815 -1.182 -0.850 -1.367  0.850 -1.367  1.815 -1.182 -2.060 -0.228 -1.077 -0.482  0.000 -0.777  1.077 -0.482  2.060 -0.229 -1.385  0.488 -0.450  0.185  0.450  0.185  1.385  0.488
     1   6  63 -0.857 -1.381  0.000 -0.866  0.857 -1.381  1111111111111111 -0.3594272299E+01   0.7807073872E+00  -0.4374979686E+01 -1.812 -1.192 -0.846 -1.374  0.846 -1.374  1.812 -1.192 -2.060 -0.239 -1.076 -0.489  0.000 -0.780  1.076 -0.489  2.060 -0.239 -1.387  0.480 -0.450  0.181  0.451  0.181  1.388  0.480
     1   6  64 -0.853 -1.389  0.000 -0.866  0.853 -1.389  1111111111111111 -0.3625205126E+01   0.7563459486E+00  -0.4381551074E+01 -1.808 -1.201 -0.842 -1.382  0.842 -1.382  1.808 -1.202 -2.060 -0.249 -1.075 -0.496  0.000 -0.782  1.076 -0.496  2.060 -0.250 -1.390  0.472 -0.451  0.178  0.452  0.178  1.390  0.471
     1   6  65 -0.848 -1.396  0.000 -0.866  0.848 -1.396  1111111111111111 -0.3655630239E+01   0.7322108338E+00  -0.4387841073E+01 -1.805 -1.211 -0.837 -1.389  0.837 -1.389  1.805 -1.211 -2.060 -0.260 -1.075 -0.503  0.000 -0.784  1.075 -0.503  2.060 -0.260 -1.392  0.463 -0.452  0.174  0.452  0.174  1.392  0.463
     1   6  66 -0.843 -1.403  0.000 -0.866  0.843 -1.403  1111111111111111 -0.3685544072E+01   0.7083279203E+00  -0.4393871992E+01 -1.801 -1.221 -0.833 -1.397  0.833 -1.397  1.801 -1.221 -2.060 -0.271 -1.074 -0.510  0.000 -0.787  1.074 -0.510  2.060 -0.271 -1.395  0.455 -0.453  0.171  0.453  0.171  1.395  0.455
     1   6  67 -0.839 -1.411  0.000 -0.866  0.839 -1.411  1111111111111111 -0.3714943185E+01   0.6847175088E+00  -0.4399660694E+01 -1.797 -1.230 -0.829 -1.404  0.829 -1.404  1.797 -1.230 -2.060 -0.281 -1.073 -0.516  0.000 -0.789  1.074 -0.517  2.060 -0.281 -1.397  0.447 -0.454  0.167  0.454  0.167  1.397  0.447
     1   6  68 -0.834 -1.418  0.000 -0.866  0.834 -1.418  1111111111111111 -0.3743824480E+01   0.6613493808E+00  -0.4405173861E+01 -1.793 -1.240 -0.824 -1.412  0.824 -1.412  1.793 -1.240 -2.060 -0.292 -1.073 -0.523  0.000 -0.791  1.073 -0.523  2.060 -0.292 -1.399  0.439 -0.455  0.164  0.455  0.164  1.400  0.439
     1   6  69 -0.829 -1.425  0.000 -0.866  0.829 -1.425  1111111111111111 -0.3772184988E+01   0.6383144422E+00  -0.4410499430E+01 -1.789 -1.250 -0.820 -1.419  0.820 -1.419  1.789 -1.250 -2.060 -0.302 -1.072 -0.530  0.000 -0.793  1.072 -0.530  2.060 -0.302 -1.402  0.431 -0.455  0.160  0.456  0.160  1.402  0.431
     1   6  70 -0.824 -1.432  0.000 -0.866  0.824 -1.432  1111111111111111 -0.3800021924E+01   0.6155400012E+00  -0.4415561925E+01 -1.785 -1.259 -0.815 -1.426  0.815 -1.426  1.786 -1.260 -2.060 -0.313 -1.071 -0.537  0.000 -0.796  1.071 -0.537  2.060 -0.313 -1.404  0.423 -0.456  0.157  0.456  0.157  1.404  0.423
     1   6  71 -0.819 -1.440  0.000 -0.866  0.819 -1.440  1111111111111111 -0.3827332675E+01   0.5930491865E+00  -0.4420381862E+01 -1.781 -1.269 -0.811 -1.434  0.811 -1.434  1.782 -1.269 -2.060 -0.323 -1.070 -0.544  0.000 -0.798  1.070 -0.544  2.060 -0.324 -1.407  0.415 -0.457  0.153  0.457  0.153  1.407  0.414
     1   6  72 -0.814 -1.447  0.000 -0.866  0.814 -1.447  1111111111111111 -0.3854114759E+01   0.5709034508E+00  -0.4425018210E+01 -1.777 -1.279 -0.806 -1.441  0.806 -1.441  1.777 -1.279 -2.060 -0.334 -1.070 -0.551  0.000 -0.800  1.070 -0.551  2.060 -0.334 -1.409  0.406 -0.458  0.150  0.458  0.150  1.409  0.406
     1   6  73 -0.809 -1.454  0.000 -0.866  0.809 -1.454  1111111111111111 -0.3880365874E+01   0.5490815160E+00  -0.4429447390E+01 -1.773 -1.288 -0.801 -1.448  0.801 -1.448  1.773 -1.289 -2.060 -0.345 -1.069 -0.557  0.000 -0.802  1.069 -0.558  2.060 -0.345 -1.411  0.398 -0.459  0.146  0.459  0.146  1.412  0.398
     1   6  74 -0.804 -1.461  0.000 -0.866  0.804 -1.461  1111111111111111 -0.3906083866E+01   0.5275918369E+00  -0.4433675703E+01 -1.769 -1.298 -0.796 -1.455  0.796 -1.455  1.769 -1.298 -2.059 -0.355 -1.068 -0.564  0.000 -0.804  1.068 -0.564  2.060 -0.356 -1.414  0.390 -0.460  0.143  0.460  0.143  1.414  0.390
     1   6  75 -0.799 -1.468  0.000 -0.866  0.799 -1.468  1111111111111111 -0.3931266705E+01   0.5064415202E+00  -0.4437708225E+01 -1.765 -1.308 -0.791 -1.462  0.791 -1.462  1.765 -1.308 -2.059 -0.366 -1.067 -0.571  0.000 -0.806  1.067 -0.571  2.059 -0.366 -1.416  0.382 -0.460  0.140  0.461  0.140  1.416  0.382
     1   6  76 -0.793 -1.475  0.000 -0.866  0.793 -1.475  1111111111111111 -0.3955912511E+01   0.4856472662E+00  -0.4441559778E+01 -1.760 -1.317 -0.786 -1.469  0.786 -1.469  1.760 -1.317 -2.059 -0.377 -1.066 -0.578  0.000 -0.808  1.066 -0.578  2.059 -0.377 -1.418  0.374 -0.461  0.136  0.461  0.136  1.419  0.373
     1   6  77 -0.788 -1.482  0.000 -0.866  0.788 -1.482  1111111111111111 -0.3980019560E+01   0.4652242875E+00  -0.4445243848E+01 -1.756 -1.327 -0.781 -1.476  0.781 -1.476  1.756 -1.327 -2.059 -0.387 -1.065 -0.584  0.000 -0.810  1.065 -0.585  2.059 -0.388 -1.420  0.365 -0.462  0.133  0.462  0.133  1.421  0.365
     1   6  78 -0.783 -1.489  0.000 -0.866  0.783 -1.489  1111111111111111 -0.4003586186E+01   0.4451675092E+00  -0.4448753695E+01 -1.752 -1.337 -0.776 -1.483  0.776 -1.483  1.752 -1.337 -2.058 -0.398 -1.064 -0.591  0.000 -0.811  1.064 -0.591  2.058 -0.399 -1.423  0.357 -0.463  0.130  0.463  0.130  1.423  0.357
     1   6  79 -0.777 -1.495  0.000 -0.866  0.777 -1.495  1111111111111111 -0.4026610933E+01   0.4254797375E+00  -0.4452090670E+01 -1.747 -1.346 -0.771 -1.490  0.771 -1.490  1.747 -1.346 -2.058 -0.409 -1.063 -0.598  0.000 -0.813  1.063 -0.598  2.058 -0.409 -1.425  0.349 -0.464  0.127  0.464  0.126  1.425  0.349
     1   6  80 -0.772 -1.502  0.000 -0.866  0.772 -1.502  1111111111111111 -0.4049092511E+01   0.4061718846E+00  -0.4455264395E+01 -1.742 -1.356 -0.766 -1.497  0.766 -1.497  1.742 -1.356 -2.057 -0.420 -1.062 -0.605  0.000 -0.815  1.062 -0.605  2.058 -0.420 -1.427  0.341 -0.465  0.123  0.465  0.123  1.428  0.341
     1   6  81 -0.766 -1.509  0.000 -0.866  0.766 -1.509  1111111111111111 -0.4071029466E+01   0.3872559545E+00  -0.4458285421E+01 -1.738 -1.365 -0.760 -1.504  0.760 -1.504  1.738 -1.366 -2.057 -0.430 -1.061 -0.611  0.000 -0.817  1.061 -0.611  2.057 -0.431 -1.429  0.333 -0.465  0.120  0.466  0.120  1.430  0.332
     1   6  82 -0.760 -1.515  0.000 -0.866  0.760 -1.515  1111111111111111 -0.4092420742E+01   0.3687349569E+00  -0.4461155698E+01 -1.733 -1.375 -0.755 -1.511  0.755 -1.511  1.733 -1.375 -2.056 -0.441 -1.060 -0.618  0.000 -0.819  1.060 -0.618  2.057 -0.442 -1.432  0.324 -0.466  0.117  0.467  0.117  1.432  0.324
     1   6  83 -0.755 -1.522  0.000 -0.866  0.755 -1.522  1111111111111111 -0.4113265354E+01   0.3506076631E+00  -0.4463873017E+01 -1.728 -1.384 -0.750 -1.518  0.750 -1.518  1.728 -1.385 -2.056 -0.452 -1.059 -0.625  0.000 -0.820  1.059 -0.625  2.056 -0.452 -1.434  0.316 -0.467  0.114  0.467  0.114  1.434  0.316
     1   6  84 -0.749 -1.529  0.000 -0.866  0.749 -1.529  1111111111111111 -0.4133562274E+01   0.3328962573E+00  -0.4466458532E+01 -1.723 -1.394 -0.744 -1.524  0.744 -1.524  1.723 -1.394 -2.055 -0.463 -1.058 -0.631  0.000 -0.822  1.058 -0.631  2.055 -0.463 -1.436  0.308 -0.468  0.110  0.468  0.110  1.436  0.308
     1   6  85 -0.743 -1.535  0.000 -0.866  0.743 -1.535  1111111111111111 -0.4153310826E+01   0.3156019220E+00  -0.4468912748E+01 -1.718 -1.404 -0.738 -1.531  0.738 -1.531  1.719 -1.404 -2.054 -0.474 -1.057 -0.638  0.000 -0.824  1.057 -0.638  2.055 -0.474 -1.438  0.300 -0.469  0.107  0.469  0.107  1.439  0.299
     1   6  86 -0.737 -1.542  0.000 -0.866  0.737 -1.542  1111111111111111 -0.4172510181E+01   0.2987136932E+00  -0.4471223874E+01 -1.713 -1.413 -0.733 -1.538  0.733 -1.538  1.714 -1.413 -2.054 -0.484 -1.056 -0.644  0.000 -0.825  1.056 -0.645  2.054 -0.485 -1.440  0.291 -0.470  0.104  0.470  0.104  1.441  0.291
     1   6  87 -0.731 -1.548  0.000 -0.866  0.731 -1.548  1111111111111111 -0.4191159752E+01   0.2822687678E+00  -0.4473428520E+01 -1.708 -1.423 -0.727 -1.544  0.727 -1.544  1.709 -1.423 -2.053 -0.495 -1.055 -0.651  0.000 -0.827  1.055 -0.651  2.053 -0.496 -1.442  0.283 -0.471  0.101  0.471  0.101  1.443  0.283
     1   6  88 -0.725 -1.554  0.000 -0.866  0.725 -1.554  1111111111111111 -0.4209259078E+01   0.2662401613E+00  -0.4475499239E+01 -1.703 -1.432 -0.721 -1.551  0.721 -1.551  1.703 -1.432 -2.052 -0.506 -1.053 -0.658  0.000 -0.828  1.054 -0.658  2.053 -0.507 -1.444  0.275 -0.471  0.098  0.472  0.098  1.445  0.275
     1   6  89 -0.719 -1.561  0.000 -0.866  0.719 -1.561  1111111111111111 -0.4226807684E+01   0.2506580450E+00  -0.4477465729E+01 -1.698 -1.442 -0.716 -1.557  0.716 -1.557  1.698 -1.442 -2.051 -0.517 -1.052 -0.664  0.000 -0.830  1.052 -0.664  2.052 -0.517 -1.447  0.267 -0.472  0.095  0.473  0.094  1.447  0.266
     1   6  90 -0.713 -1.567  0.000 -0.866  0.713 -1.567  1111111111111111 -0.4243805306E+01   0.2354933053E+00  -0.4479298612E+01 -1.693 -1.451 -0.710 -1.563  0.710 -1.563  1.693 -1.451 -2.051 -0.528 -1.051 -0.671  0.000 -0.831  1.051 -0.671  2.051 -0.528 -1.449  0.258 -0.473  0.091  0.474  0.091  1.449  0.258
     1   6  91 -0.707 -1.573  0.000 -0.866  0.707 -1.573  1111111111111111 -0.4260251751E+01   0.2207755290E+00  -0.4481027280E+01 -1.688 -1.460 -0.704 -1.570  0.704 -1.570  1.688 -1.461 -2.050 -0.539 -1.050 -0.677  0.000 -0.833  1.050 -0.677  2.050 -0.539 -1.451  0.250 -0.474  0.088  0.474  0.088  1.451  0.250
     1   6  92 -0.701 -1.579  0.000 -0.866  0.701 -1.579  1111111111111111 -0.4276146844E+01   0.2065221049E+00  -0.4482668949E+01 -1.682 -1.470 -0.698 -1.576  0.698 -1.576  1.682 -1.470 -2.049 -0.550 -1.048 -0.684  0.000 -0.834  1.049 -0.684  2.049 -0.550 -1.453  0.242 -0.475  0.085  0.475  0.085  1.453  0.241
     1   6  93 -0.695 -1.585  0.000 -0.866  0.695 -1.585  1111111111111111 -0.4291490573E+01   0.1927025075E+00  -0.4484193081E+01 -1.677 -1.479 -0.692 -1.582  0.692 -1.582  1.677 -1.480 -2.048 -0.560 -1.047 -0.690  0.000 -0.836  1.047 -0.690  2.048 -0.561 -1.455  0.233 -0.476  0.082  0.476  0.082  1.455  0.233
     1   6  94 -0.688 -1.591  0.000 -0.866  0.688 -1.591  1111111111111111 -0.4306283005E+01   0.1793512972E+00  -0.4485634302E+01 -1.671 -1.489 -0.686 -1.588  0.686 -1.588  1.671 -1.489 -2.047 -0.571 -1.046 -0.697  0.000 -0.837  1.046 -0.697  2.047 -0.572 -1.457  0.225 -0.477  0.079  0.477  0.079  1.457  0.225
     1   6  95 -0.682 -1.597  0.000 -0.866  0.682 -1.597  1111111111111111 -0.4320524395E+01   0.1664434722E+00  -0.4486967867E+01 -1.666 -1.498 -0.679 -1.595  0.679 -1.595  1.666 -1.498 -2.046 -0.582 -1.044 -0.703  0.000 -0.839  1.045 -0.703  2.046 -0.583 -1.458  0.217 -0.477  0.076  0.478  0.076  1.459  0.216
     1   6  96 -0.676 -1.603  0.000 -0.866  0.676 -1.603  1111111111111111 -0.4334214912E+01   0.1540109768E+00  -0.4488225889E+01 -1.660 -1.507 -0.673 -1.601  0.673 -1.601  1.660 -1.508 -2.044 -0.593 -1.043 -0.710  0.000 -0.840  1.043 -0.710  2.045 -0.594 -1.460  0.208 -0.478  0.073  0.479  0.073  1.461  0.208
     1   6  97 -0.669 -1.609  0.000 -0.866  0.669 -1.609  1111111111111111 -0.4347354783E+01   0.1420461594E+00  -0.4489400942E+01 -1.655 -1.517 -0.667 -1.607  0.667 -1.607  1.655 -1.517 -2.043 -0.604 -1.042 -0.716  0.000 -0.841  1.042 -0.716  2.044 -0.604 -1.462  0.200 -0.479  0.070  0.480  0.070  1.463  0.200
     1   6  98 -0.663 -1.615  0.000 -0.866  0.663 -1.615  1111111111111111 -0.4359944849E+01   0.1305447067E+00  -0.4490489556E+01 -1.649 -1.526 -0.660 -1.613  0.661 -1.613  1.649 -1.526 -2.042 -0.615 -1.040 -0.723  0.000 -0.843  1.040 -0.723  2.042 -0.615 -1.464  0.192 -0.480  0.067  0.480  0.067  1.465  0.192
     1   6  99 -0.656 -1.621  0.000 -0.866  0.656 -1.621  1111111111111111 -0.4371985136E+01   0.1195012473E+00  -0.4491486383E+01 -1.643 -1.535 -0.654 -1.618  0.654 -1.619  1.643 -1.536 -2.041 -0.626 -1.039 -0.729  0.000 -0.844  1.039 -0.729  2.041 -0.626 -1.466  0.184 -0.481  0.064  0.481  0.064  1.467  0.183
     1   6 100 -0.649 -1.626  0.000 -0.866  0.649 -1.626  1111111111111111 -0.4383476503E+01   0.1089543997E+00  -0.4492430902E+01 -1.637 -1.545 -0.648 -1.624  0.648 -1.624  1.637 -1.545 -2.039 -0.637 -1.037 -0.735  0.000 -0.845  1.038 -0.736  2.040 -0.637 -1.468  0.175 -0.482  0.061  0.482  0.061  1.468  0.175
     1   6 101 -0.643 -1.632  0.000 -0.866  0.643 -1.632  1111111111111111 -0.4394419739E+01   0.9887437605E-01  -0.4493294115E+01 -1.631 -1.554 -0.641 -1.630  0.641 -1.630  1.631 -1.554 -2.038 -0.648 -1.036 -0.742  0.000 -0.846  1.036 -0.742  2.038 -0.648 -1.470  0.167 -0.483  0.058  0.483  0.058  1.470  0.167
     1   6 102 -0.636 -1.638  0.000 -0.866  0.636 -1.638  1111111111111111 -0.4404815566E+01   0.8927541241E-01  -0.4494090978E+01 -1.625 -1.563 -0.635 -1.636  0.635 -1.636  1.625 -1.563 -2.037 -0.659 -1.034 -0.748  0.000 -0.847  1.034 -0.748  2.037 -0.659 -1.471  0.159 -0.483  0.055  0.484  0.055  1.472  0.158
     1   6 103 -0.629 -1.643  0.000 -0.866  0.629 -1.643  1111111111111111 -0.4414664783E+01   0.8015593663E-01  -0.4494820719E+01 -1.619 -1.572 -0.628 -1.641  0.628 -1.641  1.619 -1.573 -2.035 -0.669 -1.033 -0.754  0.000 -0.849  1.033 -0.755  2.035 -0.670 -1.473  0.150 -0.484  0.052  0.485  0.052  1.474  0.150
     1   6 104 -0.623 -1.649  0.000 -0.866  0.623 -1.649  1111111111111111 -0.4423968449E+01   0.7152865583E-01  -0.4495497104E+01 -1.613 -1.581 -0.621 -1.647  0.621 -1.647  1.613 -1.582 -2.034 -0.680 -1.031 -0.761  0.000 -0.850  1.031 -0.761  2.034 -0.681 -1.475  0.142 -0.485  0.049  0.486  0.049  1.475  0.142
     1   6 105 -0.616 -1.654  0.000 -0.866  0.616 -1.654  1111111111111111 -0.4432727567E+01   0.6337444046E-01  -0.4496102008E+01 -1.607 -1.590 -0.614 -1.653  0.615 -1.653  1.607 -1.591 -2.032 -0.691 -1.029 -0.767  0.000 -0.851  1.030 -0.767  2.032 -0.692 -1.477  0.134 -0.486  0.046  0.487  0.046  1.477  0.133
     1   6 106 -0.609 -1.659  0.000 -0.866  0.609 -1.659  1111111111111111 -0.4440943300E+01   0.5572026236E-01  -0.4496663563E+01 -1.601 -1.599 -0.608 -1.658  0.608 -1.658  1.601 -1.600 -2.030 -0.702 -1.028 -0.773  0.000 -0.852  1.028 -0.774  2.031 -0.703 -1.478  0.125 -0.487  0.043  0.487  0.043  1.479  0.125
     1   6 107 -0.602 -1.665  0.000 -0.866  0.602 -1.665  1111111111111111 -0.4448616893E+01   0.4854172276E-01  -0.4497158616E+01 -1.594 -1.609 -0.601 -1.663  0.601 -1.663  1.594 -1.609 -2.029 -0.713 -1.026 -0.780  0.000 -0.853  1.026 -0.780  2.029 -0.714 -1.480  0.117 -0.488  0.040  0.488  0.040  1.480  0.117
     1   6 108 -0.595 -1.670  0.000 -0.866  0.595 -1.670  1111111111111111 -0.4455749565E+01   0.4186576848E-01  -0.4497615334E+01 -1.588 -1.618 -0.594 -1.669  0.594 -1.669  1.588 -1.618 -2.027 -0.724 -1.024 -0.786  0.000 -0.854  1.025 -0.786  2.027 -0.725 -1.481  0.109 -0.489  0.037  0.489  0.037  1.482  0.108
     1   6 109 -0.588 -1.675  0.000 -0.866  0.588 -1.675  1111111111111111 -0.4462342770E+01   0.3567775719E-01  -0.4498020527E+01 -1.582 -1.627 -0.587 -1.674  0.587 -1.674  1.582 -1.627 -2.025 -0.735 -1.023 -0.792  0.000 -0.855  1.023 -0.792  2.025 -0.735 -1.483  0.100 -0.490  0.034  0.490  0.034  1.483  0.100
     1   6 110 -0.581 -1.680  0.000 -0.866  0.581 -1.680  1111111111111111 -0.4468398106E+01   0.2997842065E-01  -0.4498376527E+01 -1.575 -1.636 -0.580 -1.679  0.580 -1.679  1.575 -1.636 -2.023 -0.746 -1.021 -0.798  0.000 -0.856  1.021 -0.799  2.024 -0.746 -1.485  0.092 -0.490  0.031  0.491  0.031  1.485  0.092
     1   6 111 -0.574 -1.685  0.000 -0.866  0.574 -1.685  1111111111111111 -0.4473916819E+01   0.2477533148E-01  -0.4498692150E+01 -1.569 -1.644 -0.573 -1.684  0.573 -1.684  1.569 -1.645 -2.022 -0.757 -1.019 -0.805  0.000 -0.857  1.019 -0.805  2.022 -0.757 -1.486  0.084 -0.491  0.029  0.492  0.028  1.487  0.083
     1   6 112 -0.566 -1.690  0.000 -0.866  0.566 -1.690  1111111111111111 -0.4478900828E+01   0.2006670377E-01  -0.4498967532E+01 -1.562 -1.653 -0.566 -1.689  0.566 -1.689  1.562 -1.654 -2.020 -0.768 -1.017 -0.811  0.000 -0.858  1.018 -0.811  2.020 -0.768 -1.488  0.075 -0.492  0.026  0.493  0.026  1.488  0.075
     1   6 113 -0.559 -1.695  0.000 -0.866  0.559 -1.695  1111111111111111 -0.4483351718E+01   0.1585278386E-01  -0.4499204502E+01 -1.555 -1.662 -0.559 -1.694  0.559 -1.694  1.555 -1.663 -2.018 -0.779 -1.016 -0.817  0.000 -0.859  1.016 -0.817  2.018 -0.779 -1.489  0.067 -0.493  0.023  0.493  0.023  1.489  0.067
     1   6 114 -0.552 -1.700  0.000 -0.866  0.552 -1.700  1111111111111111 -0.4487271359E+01   0.1213615062E-01  -0.4499407509E+01 -1.549 -1.671 -0.552 -1.699  0.552 -1.699  1.549 -1.671 -2.016 -0.790 -1.014 -0.823  0.000 -0.860  1.014 -0.823  2.016 -0.790 -1.491  0.058 -0.494  0.020  0.494  0.020  1.491  0.058
     1   6 115 -0.545 -1.705  0.000 -0.866  0.545 -1.705  1111111111111111 -0.4490661566E+01   0.8914687439E-02  -0.4499576253E+01 -1.542 -1.680 -0.544 -1.704  0.544 -1.704  1.542 -1.680 -2.014 -0.801 -1.012 -0.829  0.000 -0.861  1.012 -0.830  2.014 -0.801 -1.492  0.050 -0.495  0.017  0.495  0.017  1.492  0.050
     1   6 116 -0.537 -1.709  0.000 -0.866  0.537 -1.709  1111111111111111 -0.4493524306E+01   0.6188575051E-02  -0.4499712881E+01 -1.535 -1.689 -0.537 -1.709  0.537 -1.709  1.535 -1.689 -2.011 -0.811 -1.010 -0.836  0.000 -0.862  1.010 -0.836  2.012 -0.812 -1.493  0.042 -0.496  0.014  0.496  0.014  1.494  0.042
     1   6 117 -0.530 -1.714  0.000 -0.866  0.530 -1.714  1111111111111111 -0.4495861625E+01   0.3959718403E-02  -0.4499821343E+01 -1.528 -1.697 -0.530 -1.714  0.530 -1.714  1.528 -1.698 -2.009 -0.822 -1.008 -0.842  0.000 -0.863  1.008 -0.842  2.009 -0.823 -1.495  0.033 -0.496  0.011  0.497  0.011  1.495  0.033
     1   6 118 -0.522 -1.719  0.000 -0.866  0.522 -1.719  1111111111111111 -0.4497675646E+01   0.2226830383E-02  -0.4499902476E+01 -1.521 -1.706 -0.522 -1.718  0.522 -1.718  1.521 -1.706 -2.007 -0.833 -1.006 -0.848  0.000 -0.864  1.006 -0.848  2.007 -0.834 -1.496  0.025 -0.497  0.008  0.498  0.008  1.496  0.025
     1   6 119 -0.515 -1.723  0.000 -0.866  0.515 -1.723  1111111111111111 -0.4498968503E+01   0.9883404074E-03  -0.4499956843E+01 -1.514 -1.715 -0.515 -1.723  0.515 -1.723  1.514 -1.715 -2.005 -0.844 -1.004 -0.854  0.000 -0.864  1.004 -0.854  2.005 -0.844 -1.497  0.017 -0.498  0.006  0.498  0.006  1.498  0.017
     1   6 120 -0.508 -1.728  0.000 -0.866  0.508 -1.728  1111111111111111 -0.4499742513E+01   0.2474527756E-03  -0.4499989966E+01 -1.507 -1.723 -0.508 -1.728  0.508 -1.728  1.507 -1.723 -2.002 -0.855 -1.002 -0.860  0.000 -0.865  1.002 -0.860  2.002 -0.855 -1.499  0.008 -0.499  0.003  0.499  0.003  1.499  0.008
     1   6 121 -0.500 -1.732  0.000 -0.866  0.500 -1.732  1111111111111111 -0.4499999995E+01   0.4602517576E-08  -0.4500000000E+01 -1.500 -1.732 -0.500 -1.732  0.500 -1.732  1.500 -1.732 -2.000 -0.866 -1.000 -0.866  0.000 -0.866  1.000 -0.866  2.000 -0.866 -1.500 -0.000 -0.500 -0.000  0.500 -0.000  1.500 -0.000
     1   6 122 -0.492 -1.736  0.000 -0.866  0.492 -1.736  1111111111111111 -0.4499753516E+01   0.2215950122E-03  -0.4499975111E+01 -1.493 -1.739 -0.493 -1.736  0.493 -1.736  1.493 -1.740 -1.998 -0.876 -0.998 -0.871  0.000 -0.866  0.998 -0.871  1.998 -0.876 -1.501 -0.007 -0.501 -0.002  0.501 -0.002  1.501 -0.007
     1   6 123 -0.485 -1.741  0.000 -0.866  0.485 -1.741  1111111111111111 -0.4499016528E+01   0.8828259866E-03  -0.4499899354E+01 -1.487 -1.747 -0.486 -1.739  0.486 -1.739  1.487 -1.747 -1.995 -0.885 -0.996 -0.876  0.000 -0.866  0.996 -0.876  1.995 -0.885 -1.502 -0.014 -0.502 -0.004  0.502 -0.004  1.502 -0.015
     1   6 124 -0.477 -1.745  0.000 -0.866  0.477 -1.745  1111111111111111 -0.4497792787E+01   0.1984614225E-02  -0.4499777401E+01 -1.480 -1.754 -0.479 -1.743  0.479 -1.743  1.480 -1.754 -1.993 -0.895 -0.994 -0.881  0.000 -0.866  0.994 -0.881  1.993 -0.895 -1.503 -0.022 -0.502 -0.006  0.503 -0.006  1.503 -0.022
     1   6 125 -0.469 -1.749  0.000 -0.866  0.469 -1.749  1111111111111111 -0.4496086005E+01   0.3523417156E-02  -0.4499609422E+01 -1.473 -1.762 -0.472 -1.747  0.472 -1.747  1.473 -1.762 -1.991 -0.904 -0.992 -0.886  0.000 -0.866  0.992 -0.886  1.991 -0.904 -1.504 -0.029 -0.503 -0.008  0.503 -0.008  1.504 -0.029
     1   6 126 -0.462 -1.753  0.000 -0.866  0.462 -1.753  1111111111111111 -0.4493899938E+01   0.5490239453E-02  -0.4499390177E+01 -1.466 -1.769 -0.465 -1.750  0.465 -1.750  1.466 -1.769 -1.988 -0.914 -0.990 -0.892  0.000 -0.866  0.990 -0.892  1.988 -0.914 -1.505 -0.036 -0.504 -0.010  0.504 -0.010  1.505 -0.036
     1   6 127 -0.454 -1.757  0.000 -0.866  0.454 -1.757  1111111111111111 -0.4491238205E+01   0.7888006033E-02  -0.4499126211E+01 -1.460 -1.776 -0.458 -1.754  0.458 -1.754  1.460 -1.776 -1.986 -0.923 -0.988 -0.897  0.000 -0.866  0.988 -0.897  1.986 -0.924 -1.506 -0.044 -0.505 -0.012  0.505 -0.012  1.506 -0.044
     1   6 128 -0.446 -1.761  0.000 -0.866  0.446 -1.761  1111111111111111 -0.4488104574E+01   0.1071124752E-01  -0.4498815821E+01 -1.453 -1.784 -0.451 -1.757  0.451 -1.757  1.453 -1.783 -1.983 -0.933 -0.986 -0.902  0.000 -0.866  0.986 -0.902  1.983 -0.933 -1.507 -0.051 -0.506 -0.014  0.506 -0.014  1.507 -0.051
     1   6 129 -0.438 -1.765  0.000 -0.866  0.438 -1.765  1111111111111111 -0.4484502804E+01   0.1396638148E-01  -0.4498469186E+01 -1.446 -1.791 -0.444 -1.761  0.444 -1.761  1.446 -1.791 -1.980 -0.943 -0.984 -0.907  0.000 -0.866  0.984 -0.907  1.980 -0.943 -1.508 -0.058 -0.506 -0.016  0.506 -0.016  1.508 -0.058
     1   6 130 -0.431 -1.769  0.000 -0.866  0.431 -1.769  1111111111111111 -0.4480436611E+01   0.1763924823E-01  -0.4498075859E+01 -1.439 -1.798 -0.436 -1.764  0.436 -1.764  1.439 -1.798 -1.978 -0.952 -0.982 -0.912  0.000 -0.866  0.982 -0.912  1.978 -0.952 -1.509 -0.066 -0.507 -0.018  0.507 -0.018  1.509 -0.066
     1   6 131 -0.423 -1.772  0.000 -0.866  0.423 -1.772  1111111111111111 -0.4475909742E+01   0.2172289551E-01  -0.4497632638E+01 -1.432 -1.805 -0.429 -1.767  0.429 -1.767  1.432 -1.805 -1.975 -0.962 -0.979 -0.917  0.000 -0.866  0.979 -0.917  1.975 -0.962 -1.510 -0.073 -0.508 -0.020  0.508 -0.020  1.510 -0.073
     1   6 132 -0.415 -1.776  0.000 -0.866  0.415 -1.776  1111111111111111 -0.4470925965E+01   0.2623061617E-01  -0.4497156581E+01 -1.425 -1.812 -0.422 -1.770  0.422 -1.770  1.425 -1.812 -1.972 -0.971 -0.977 -0.922  0.000 -0.866  0.977 -0.922  1.972 -0.971 -1.511 -0.080 -0.509 -0.022  0.509 -0.022  1.511 -0.080
     1   6 133 -0.407 -1.780  0.000 -0.866  0.407 -1.780  1111111111111111 -0.4465489015E+01   0.3115073838E-01  -0.4496639754E+01 -1.417 -1.819 -0.415 -1.773  0.415 -1.773  1.417 -1.819 -1.970 -0.981 -0.975 -0.927  0.000 -0.866  0.975 -0.927  1.970 -0.981 -1.512 -0.088 -0.510 -0.025  0.510 -0.025  1.511 -0.088
     1   6 134 -0.399 -1.783  0.000 -0.866  0.399 -1.783  1111111111111111 -0.4459602627E+01   0.3648854414E-01  -0.4496091172E+01 -1.410 -1.827 -0.407 -1.776  0.407 -1.776  1.410 -1.827 -1.967 -0.991 -0.973 -0.932  0.000 -0.866  0.973 -0.932  1.967 -0.991 -1.512 -0.095 -0.510 -0.027  0.510 -0.027  1.512 -0.095
     1   6 135 -0.391 -1.787  0.000 -0.866  0.391 -1.787  1111111111111111 -0.4453270548E+01   0.4221963616E-01  -0.4495490184E+01 -1.403 -1.834 -0.400 -1.780  0.400 -1.780  1.403 -1.834 -1.964 -1.000 -0.970 -0.937  0.000 -0.866  0.970 -0.937  1.964 -1.000 -1.513 -0.102 -0.511 -0.029  0.511 -0.029  1.513 -0.102
     1   6 136 -0.383 -1.790  0.000 -0.866  0.383 -1.790  1111111111111111 -0.4446496537E+01   0.4835686036E-01  -0.4494853398E+01 -1.396 -1.841 -0.393 -1.782  0.393 -1.782  1.396 -1.841 -1.961 -1.010 -0.968 -0.942  0.000 -0.866  0.968 -0.942  1.961 -1.010 -1.514 -0.110 -0.512 -0.031  0.512 -0.031  1.514 -0.110
     1   6 137 -0.375 -1.793  0.000 -0.866  0.375 -1.793  1111111111111111 -0.4439284349E+01   0.5491267603E-01  -0.4494197025E+01 -1.388 -1.848 -0.385 -1.785  0.385 -1.785  1.388 -1.848 -1.958 -1.019 -0.966 -0.947  0.000 -0.866  0.966 -0.947  1.958 -1.019 -1.514 -0.117 -0.513 -0.033  0.513 -0.033  1.514 -0.117
     1   6 138 -0.367 -1.796  0.000 -0.866  0.367 -1.796  1111111111111111 -0.4431637699E+01   0.6184669998E-01  -0.4493484399E+01 -1.381 -1.854 -0.378 -1.788  0.378 -1.788  1.381 -1.855 -1.955 -1.029 -0.964 -0.952  0.000 -0.866  0.964 -0.952  1.955 -1.029 -1.515 -0.124 -0.513 -0.035  0.514 -0.035  1.515 -0.125
     1   6 139 -0.358 -1.800  0.000 -0.866  0.358 -1.800  1111111111111111 -0.4423560452E+01   0.6918576820E-01  -0.4492746220E+01 -1.374 -1.862 -0.370 -1.791  0.370 -1.791  1.374 -1.862 -1.952 -1.038 -0.961 -0.957  0.000 -0.866  0.961 -0.957  1.952 -1.038 -1.516 -0.132 -0.514 -0.037  0.514 -0.037  1.516 -0.132
     1   6 140 -0.350 -1.803  0.000 -0.866  0.350 -1.803  1111111111111111 -0.4415056211E+01   0.7690873122E-01  -0.4491964942E+01 -1.366 -1.868 -0.363 -1.794  0.363 -1.794  1.366 -1.868 -1.949 -1.048 -0.959 -0.962  0.000 -0.866  0.959 -0.962  1.949 -1.048 -1.516 -0.139 -0.515 -0.039  0.515 -0.039  1.516 -0.139
     1   6 141 -0.342 -1.806  0.000 -0.866  0.342 -1.806  1111111111111111 -0.4406128858E+01   0.8503105334E-01  -0.4491159912E+01 -1.359 -1.875 -0.355 -1.796  0.355 -1.796  1.359 -1.875 -1.946 -1.057 -0.956 -0.967  0.000 -0.866  0.956 -0.967  1.946 -1.057 -1.517 -0.147 -0.516 -0.041  0.516 -0.042  1.517 -0.147
     1   6 142 -0.334 -1.809  0.000 -0.866  0.334 -1.809  1111111111111111 -0.4396782047E+01   0.9354491161E-01  -0.4490326959E+01 -1.351 -1.882 -0.348 -1.799  0.348 -1.799  1.351 -1.882 -1.942 -1.067 -0.954 -0.972  0.000 -0.866  0.954 -0.972  1.942 -1.067 -1.517 -0.154 -0.517 -0.044  0.517 -0.044  1.517 -0.154
     1   6 143 -0.326 -1.812  0.000 -0.866  0.326 -1.812  1111111111111111 -0.4387019554E+01   0.1024332120E+00  -0.4489452766E+01 -1.344 -1.889 -0.340 -1.802  0.340 -1.802  1.344 -1.889 -1.939 -1.077 -0.952 -0.977  0.000 -0.866  0.952 -0.977  1.939 -1.076 -1.518 -0.161 -0.517 -0.046  0.517 -0.046  1.518 -0.161
     1   6 144 -0.317 -1.814  0.000 -0.866  0.317 -1.814  1111111111111111 -0.4376845142E+01   0.1117119293E+00  -0.4488557071E+01 -1.336 -1.896 -0.333 -1.804  0.333 -1.804  1.336 -1.896 -1.936 -1.086 -0.949 -0.982  0.000 -0.866  0.949 -0.982  1.936 -1.086 -1.519 -0.169 -0.518 -0.048  0.518 -0.048  1.518 -0.169
     1   6 145 -0.309 -1.817  0.000 -0.866  0.309 -1.817  1111111111111111 -0.4366262569E+01   0.1213685314E+00  -0.4487631100E+01 -1.328 -1.903 -0.325 -1.807  0.325 -1.807  1.328 -1.903 -1.932 -1.096 -0.947 -0.987  0.000 -0.866  0.947 -0.987  1.932 -1.096 -1.519 -0.176 -0.519 -0.050  0.519 -0.050  1.519 -0.176
     1   6 146 -0.301 -1.820  0.000 -0.866  0.301 -1.820  1111111111111111 -0.4355275525E+01   0.1313734244E+00  -0.4486648949E+01 -1.321 -1.909 -0.318 -1.809  0.318 -1.809  1.321 -1.909 -1.929 -1.105 -0.944 -0.992  0.000 -0.866  0.944 -0.992  1.929 -1.105 -1.519 -0.184 -0.520 -0.052  0.520 -0.052  1.519 -0.184
     1   6 147 -0.292 -1.822  0.000 -0.866  0.292 -1.822  1111111111111111 -0.4343887791E+01   0.1417919474E+00  -0.4485679738E+01 -1.313 -1.916 -0.310 -1.811  0.310 -1.811  1.313 -1.916 -1.926 -1.115 -0.942 -0.997  0.000 -0.866  0.942 -0.997  1.926 -1.115 -1.520 -0.191 -0.520 -0.055  0.520 -0.055  1.520 -0.191
     1   6 148 -0.284 -1.825  0.000 -0.866  0.284 -1.825  1111111111111111 -0.4332103077E+01   0.1525526396E+00  -0.4484655717E+01 -1.305 -1.923 -0.302 -1.813  0.302 -1.813  1.305 -1.923 -1.922 -1.124 -0.939 -1.001  0.000 -0.866  0.939 -1.002  1.922 -1.124 -1.520 -0.198 -0.521 -0.057  0.521 -0.057  1.520 -0.199
     1   6 149 -0.276 -1.827  0.000 -0.866  0.276 -1.827  1111111111111111 -0.4319925130E+01   0.1636798922E+00  -0.4483605022E+01 -1.297 -1.929 -0.295 -1.816  0.295 -1.816  1.297 -1.929 -1.919 -1.133 -0.936 -1.006  0.000 -0.866  0.936 -1.006  1.919 -1.134 -1.520 -0.206 -0.522 -0.059  0.522 -0.059  1.520 -0.206
     1   6 150 -0.267 -1.830  0.000 -0.866  0.267 -1.830  1111111111111111 -0.4307357682E+01   0.1751819266E+00  -0.4482539608E+01 -1.290 -1.936 -0.287 -1.818  0.287 -1.818  1.289 -1.936 -1.915 -1.143 -0.934 -1.011  0.000 -0.866  0.934 -1.011  1.915 -1.143 -1.521 -0.213 -0.523 -0.061  0.523 -0.061  1.521 -0.213
     1   6 151 -0.259 -1.832  0.000 -0.866  0.259 -1.832  1111111111111111 -0.4294404434E+01   0.1870456943E+00  -0.4481450128E+01 -1.282 -1.942 -0.279 -1.820  0.279 -1.820  1.282 -1.942 -1.911 -1.152 -0.931 -1.016  0.000 -0.866  0.931 -1.016  1.911 -1.153 -1.521 -0.221 -0.523 -0.063  0.523 -0.063  1.521 -0.221
     1   6 152 -0.250 -1.834  0.000 -0.866  0.250 -1.834  1111111111111111 -0.4281069093E+01   0.1992747785E+00  -0.4480343871E+01 -1.274 -1.949 -0.271 -1.822  0.271 -1.822  1.274 -1.949 -1.908 -1.162 -0.929 -1.021  0.000 -0.866  0.929 -1.021  1.908 -1.162 -1.521 -0.228 -0.524 -0.066  0.524 -0.066  1.521 -0.228
     1   6 153 -0.242 -1.836  0.000 -0.866  0.242 -1.836  1111111111111111 -0.4267355448E+01   0.2118266356E+00  -0.4479182084E+01 -1.266 -1.955 -0.264 -1.824  0.264 -1.824  1.266 -1.955 -1.904 -1.171 -0.926 -1.026  0.000 -0.866  0.926 -1.026  1.904 -1.171 -1.521 -0.236 -0.525 -0.068  0.525 -0.068  1.522 -0.236
     1   6 154 -0.233 -1.838  0.000 -0.866  0.233 -1.838  1111111111111111 -0.4253267197E+01   0.2247594726E+00  -0.4478026670E+01 -1.258 -1.962 -0.256 -1.826  0.256 -1.826  1.258 -1.962 -1.900 -1.181 -0.923 -1.031  0.000 -0.866  0.923 -1.031  1.900 -1.181 -1.522 -0.243 -0.526 -0.070  0.526 -0.070  1.522 -0.243
     1   6 155 -0.225 -1.840  0.000 -0.866  0.225 -1.840  1111111111111111 -0.4238807970E+01   0.2380286478E+00  -0.4476836618E+01 -1.249 -1.968 -0.248 -1.828  0.248 -1.828  1.249 -1.968 -1.896 -1.190 -0.921 -1.036  0.000 -0.866  0.921 -1.036  1.896 -1.190 -1.522 -0.251 -0.526 -0.072  0.526 -0.072  1.522 -0.251
     1   6 156 -0.216 -1.842  0.000 -0.866  0.216 -1.842  1111111111111111 -0.4223981509E+01   0.2516669428E+00  -0.4475648452E+01 -1.241 -1.975 -0.240 -1.829  0.240 -1.829  1.241 -1.975 -1.893 -1.200 -0.918 -1.040  0.000 -0.866  0.918 -1.040  1.893 -1.200 -1.522 -0.258 -0.527 -0.075  0.527 -0.075  1.522 -0.258
     1   6 157 -0.208 -1.844  0.000 -0.866  0.208 -1.844  1111111111111111 -0.4208791459E+01   0.2655897602E+00  -0.4474381220E+01 -1.233 -1.981 -0.232 -1.831  0.232 -1.831  1.233 -1.981 -1.889 -1.209 -0.915 -1.045  0.000 -0.866  0.915 -1.045  1.889 -1.209 -1.522 -0.266 -0.528 -0.077  0.528 -0.077  1.522 -0.265
     1   6 158 -0.199 -1.846  0.000 -0.866  0.199 -1.846  1111111111111111 -0.4193241639E+01   0.2798862280E+00  -0.4473127867E+01 -1.225 -1.987 -0.225 -1.833  0.224 -1.833  1.225 -1.987 -1.885 -1.219 -0.912 -1.050  0.000 -0.866  0.912 -1.050  1.885 -1.219 -1.522 -0.273 -0.529 -0.079  0.529 -0.079  1.522 -0.273
     1   6 159 -0.191 -1.848  0.000 -0.866  0.191 -1.848  1111111111111111 -0.4177335692E+01   0.2945438911E+00  -0.4471879583E+01 -1.217 -1.993 -0.217 -1.834  0.217 -1.834  1.217 -1.993 -1.881 -1.228 -0.909 -1.055  0.000 -0.866  0.909 -1.055  1.881 -1.228 -1.522 -0.280 -0.529 -0.081  0.529 -0.081  1.522 -0.281
     1   6 160 -0.182 -1.849  0.000 -0.866  0.182 -1.849  1111111111111111 -0.4161077207E+01   0.3095275351E+00  -0.4470604742E+01 -1.208 -2.000 -0.209 -1.836  0.209 -1.836  1.208 -2.000 -1.877 -1.238 -0.907 -1.060  0.000 -0.866  0.907 -1.060  1.877 -1.238 -1.522 -0.288 -0.530 -0.084  0.530 -0.084  1.522 -0.288
     1   6 161 -0.174 -1.851  0.000 -0.866  0.174 -1.851  1111111111111111 -0.4144469903E+01   0.3248255709E+00  -0.4469295474E+01 -1.200 -2.006 -0.201 -1.837  0.201 -1.837  1.200 -2.006 -1.872 -1.247 -0.904 -1.064  0.000 -0.866  0.904 -1.065  1.872 -1.247 -1.522 -0.295 -0.531 -0.086  0.531 -0.086  1.522 -0.296
     1   6 162 -0.165 -1.852  0.000 -0.866  0.165 -1.852  1111111111111111 -0.4127517448E+01   0.3404472681E+00  -0.4467964717E+01 -1.192 -2.012 -0.193 -1.839  0.193 -1.839  1.192 -2.012 -1.868 -1.256 -0.901 -1.069  0.000 -0.866  0.901 -1.069  1.868 -1.256 -1.522 -0.303 -0.531 -0.088  0.532 -0.088  1.522 -0.303
     1   6 163 -0.156 -1.854  0.000 -0.866  0.156 -1.854  1111111111111111 -0.4110223525E+01   0.3563875926E+00  -0.4466611118E+01 -1.183 -2.018 -0.185 -1.840  0.185 -1.840  1.183 -2.018 -1.864 -1.266 -0.898 -1.074  0.000 -0.866  0.898 -1.074  1.864 -1.266 -1.522 -0.311 -0.532 -0.091  0.532 -0.091  1.522 -0.311
     1   6 164 -0.148 -1.855  0.000 -0.866  0.148 -1.855  1111111111111111 -0.4092591776E+01   0.3726813938E+00  -0.4465273170E+01 -1.175 -2.024 -0.177 -1.841  0.177 -1.841  1.175 -2.024 -1.860 -1.275 -0.895 -1.079  0.000 -0.866  0.895 -1.079  1.860 -1.275 -1.522 -0.318 -0.533 -0.093  0.533 -0.093  1.522 -0.318
     1   6 165 -0.139 -1.856  0.000 -0.866  0.139 -1.856  1111111111111111 -0.4074625821E+01   0.3892833371E+00  -0.4463909158E+01 -1.166 -2.030 -0.169 -1.842  0.169 -1.842  1.166 -2.030 -1.856 -1.285 -0.892 -1.084  0.000 -0.866  0.892 -1.084  1.856 -1.285 -1.522 -0.326 -0.534 -0.095  0.534 -0.095  1.522 -0.326
     1   6 166 -0.131 -1.857  0.000 -0.866  0.131 -1.857  1111111111111111 -0.4056329312E+01   0.4062013834E+00  -0.4462530695E+01 -1.158 -2.036 -0.161 -1.843  0.161 -1.843  1.158 -2.036 -1.851 -1.294 -0.889 -1.088  0.000 -0.866  0.889 -1.088  1.851 -1.294 -1.522 -0.333 -0.534 -0.098  0.534 -0.098  1.522 -0.333
     1   6 167 -0.122 -1.859  0.000 -0.866  0.122 -1.859  1111111111111111 -0.4037705889E+01   0.4234232563E+00  -0.4461129145E+01 -1.149 -2.042 -0.153 -1.845  0.153 -1.845  1.149 -2.042 -1.847 -1.303 -0.886 -1.093  0.000 -0.866  0.886 -1.093  1.847 -1.303 -1.522 -0.341 -0.535 -0.100  0.535 -0.100  1.522 -0.341
     1   6 168 -0.113 -1.860  0.000 -0.866  0.113 -1.860  1111111111111111 -0.4018759149E+01   0.4410043756E+00  -0.4459763524E+01 -1.141 -2.048 -0.145 -1.846  0.145 -1.846  1.140 -2.048 -1.842 -1.313 -0.883 -1.098  0.000 -0.866  0.883 -1.098  1.842 -1.313 -1.521 -0.348 -0.536 -0.102  0.536 -0.102  1.521 -0.348
     1   6 169 -0.105 -1.861  0.000 -0.866  0.105 -1.861  1111111111111111 -0.3999492711E+01   0.4588052493E+00  -0.4458297960E+01 -1.132 -2.054 -0.137 -1.846  0.137 -1.846  1.132 -2.054 -1.838 -1.322 -0.880 -1.103  0.000 -0.866  0.880 -1.102  1.838 -1.322 -1.521 -0.356 -0.537 -0.105  0.536 -0.105  1.521 -0.356
     1   6 170 -0.096 -1.861  0.000 -0.866  0.096 -1.861  1111111111111111 -0.3979910319E+01   0.4769538921E+00  -0.4456864211E+01 -1.123 -2.060 -0.129 -1.847  0.129 -1.847  1.123 -2.060 -1.833 -1.331 -0.877 -1.107  0.000 -0.866  0.877 -1.107  1.833 -1.331 -1.521 -0.363 -0.537 -0.107  0.537 -0.107  1.521 -0.363
     1   6 171 -0.087 -1.862  0.000 -0.866  0.087 -1.862  1111111111111111 -0.3960015413E+01   0.4954218301E+00  -0.4455437243E+01 -1.114 -2.065 -0.121 -1.848  0.121 -1.848  1.114 -2.065 -1.829 -1.341 -0.874 -1.112  0.000 -0.866  0.874 -1.112  1.829 -1.341 -1.521 -0.371 -0.538 -0.110  0.538 -0.110  1.521 -0.371
     1   6 172 -0.078 -1.863  0.000 -0.866  0.078 -1.863  1111111111111111 -0.3939811591E+01   0.5141801292E+00  -0.4453991721E+01 -1.106 -2.071 -0.113 -1.849  0.113 -1.849  1.106 -2.071 -1.824 -1.350 -0.871 -1.116  0.000 -0.866  0.871 -1.117  1.824 -1.350 -1.520 -0.378 -0.539 -0.112  0.539 -0.112  1.520 -0.379
     1   6 173 -0.070 -1.864  0.000 -0.866  0.070 -1.864  1111111111111111 -0.3919302591E+01   0.5332405145E+00  -0.4452543105E+01 -1.097 -2.077 -0.105 -1.850  0.105 -1.850  1.097 -2.077 -1.819 -1.359 -0.868 -1.121  0.000 -0.866  0.868 -1.121  1.819 -1.359 -1.520 -0.386 -0.539 -0.114  0.539 -0.114  1.520 -0.386
     1   6 174 -0.061 -1.864  0.000 -0.866  0.061 -1.864  1111111111111111 -0.3898491821E+01   0.5525784393E+00  -0.4451070261E+01 -1.088 -2.082 -0.097 -1.850  0.097 -1.850  1.088 -2.083 -1.815 -1.369 -0.865 -1.126  0.000 -0.866  0.865 -1.126  1.815 -1.369 -1.519 -0.394 -0.540 -0.117  0.540 -0.117  1.520 -0.394
     1   6 175 -0.052 -1.865  0.000 -0.866  0.052 -1.865  1111111111111111 -0.3877382973E+01   0.5722218747E+00  -0.4449604848E+01 -1.079 -2.088 -0.089 -1.851  0.089 -1.851  1.079 -2.088 -1.810 -1.378 -0.861 -1.131  0.000 -0.866  0.861 -1.131  1.810 -1.378 -1.519 -0.401 -0.541 -0.119  0.541 -0.119  1.519 -0.401
     1   6 176 -0.044 -1.865  0.000 -0.866  0.044 -1.865  1111111111111111 -0.3855979531E+01   0.5921074491E+00  -0.4448086980E+01 -1.070 -2.094 -0.081 -1.851  0.081 -1.851  1.070 -2.094 -1.805 -1.387 -0.858 -1.135  0.000 -0.866  0.858 -1.135  1.805 -1.387 -1.519 -0.409 -0.541 -0.122  0.541 -0.122  1.519 -0.409
     1   6 177 -0.035 -1.865  0.000 -0.866  0.035 -1.865  1111111111111111 -0.3834285136E+01   0.6123485385E+00  -0.4446633674E+01 -1.061 -2.099 -0.073 -1.852  0.073 -1.852  1.061 -2.099 -1.800 -1.396 -0.855 -1.140  0.000 -0.866  0.855 -1.140  1.800 -1.397 -1.518 -0.416 -0.542 -0.124  0.542 -0.124  1.518 -0.416
     1   6 178 -0.026 -1.866  0.000 -0.866  0.026 -1.866  1111111111111111 -0.3812303279E+01   0.6328105977E+00  -0.4445113877E+01 -1.052 -2.105 -0.065 -1.852  0.065 -1.852  1.052 -2.105 -1.795 -1.406 -0.852 -1.144  0.000 -0.866  0.852 -1.144  1.795 -1.406 -1.518 -0.424 -0.543 -0.126  0.543 -0.126  1.518 -0.424
     1   6 179 -0.017 -1.866  0.000 -0.866  0.017 -1.866  1111111111111111 -0.3790037522E+01   0.6535844734E+00  -0.4443621996E+01 -1.043 -2.110 -0.056 -1.852  0.056 -1.852  1.043 -2.110 -1.790 -1.415 -0.848 -1.149  0.000 -0.866  0.848 -1.149  1.790 -1.415 -1.517 -0.432 -0.544 -0.129  0.544 -0.129  1.517 -0.432
     1   6 180 -0.009 -1.866  0.000 -0.866  0.009 -1.866  1111111111111111 -0.3767491400E+01   0.6746330097E+00  -0.4442124409E+01 -1.034 -2.116 -0.048 -1.853  0.048 -1.853  1.034 -2.116 -1.785 -1.424 -0.845 -1.154  0.000 -0.866  0.845 -1.154  1.785 -1.424 -1.517 -0.439 -0.544 -0.131  0.544 -0.131  1.516 -0.439
